t # 0
v 0 2
v 1 2
v 2 2
v 3 2
v 4 2
v 5 2
v 6 2
v 7 2
v 8 2
v 9 2
v 10 2
v 11 2
v 12 2
v 13 2
v 14 2
v 15 2
v 16 2
v 17 2
v 18 2
v 19 2
v 20 2
v 21 2
v 22 2
v 23 2
v 24 2
v 25 2
v 26 2
v 27 2
v 28 2
v 29 2
v 30 2
v 31 2
v 32 2
v 33 2
v 34 2
v 35 2
v 36 2
v 37 2
v 38 2
v 39 2
v 40 2
v 41 2
v 42 2
v 43 2
v 44 2
v 45 2
v 46 2
v 47 2
v 48 2
v 49 2
v 50 2
v 51 2
v 52 2
v 53 2
v 54 2
v 55 2
v 56 2
v 57 2
v 58 2
v 59 2
v 60 2
v 61 2
v 62 2
v 63 2
v 64 2
v 65 2
v 66 2
v 67 2
v 68 2
v 69 2
v 70 2
v 71 2
v 72 2
v 73 2
v 74 2
v 75 2
v 76 2
v 77 2
v 78 2
v 79 2
v 80 2
e 4 6 8
e 6 8 5
e 1 10 15
e 2 10 3
e 10 11 15
e 7 12 10
e 9 12 4
e 6 14 8
e 11 15 15
e 11 15 6
e 14 16 8
e 12 16 4
e 15 17 6
e 13 17 17
e 0 18 14
e 16 18 4
e 16 19 8
e 8 19 5
e 19 20 5
e 18 22 14
e 12 22 10
e 17 23 17
e 15 24 15
e 19 25 8
e 20 25 5
e 5 26 7
e 3 26 9
e 23 27 17
e 26 28 9
e 25 29 8
e 14 29 11
e 23 30 18
e 27 30 17
e 30 31 17
e 18 32 4
e 24 32 15
e 17 33 6
e 31 33 17
e 21 34 2
e 32 35 15
e 33 35 6
e 35 36 6
e 25 37 5
e 24 38 19
e 36 38 6
e 29 39 11
e 38 40 19
e 29 41 8
e 10 42 3
e 40 43 19
e 43 44 19
e 34 44 2
e 21 45 1
e 44 46 2
e 35 46 15
e 22 47 14
e 32 47 4
e 46 48 15
e 47 49 4
e 44 50 19
e 48 50 15
e 41 51 8
e 37 51 5
e 50 52 15
e 50 53 19
e 46 54 2
e 39 55 11
e 43 56 13
e 53 56 19
e 45 57 1
e 54 57 2
e 57 58 1
e 51 59 5
e 55 59 11
e 56 60 13
e 26 61 7
e 47 61 14
e 61 62 14
e 39 63 0
e 38 64 6
e 33 65 17
e 49 66 4
e 52 66 15
e 66 67 15
e 59 68 11
e 42 68 3
e 51 69 8
e 56 70 19
e 68 71 11
e 60 72 13
e 7 72 12
e 57 73 2
e 59 74 5
e 72 75 13
e 70 75 19
e 30 76 18
e 75 77 13
e 61 78 7
e 0 78 16
e 73 79 2
e 67 79 15
e 75 80 19
t # -1